{
  "nbformat": 4,
  "nbformat_minor": 0,
  "metadata": {
    "colab": {
      "name": "AirQualityPredictionUsingPCA&FeedForward.ipynb",
      "provenance": [],
      "collapsed_sections": [],
      "authorship_tag": "ABX9TyPOov2WvdopMvxyfN/stSvY",
      "include_colab_link": true
    },
    "kernelspec": {
      "name": "python3",
      "display_name": "Python 3"
    },
    "accelerator": "GPU"
  },
  "cells": [
    {
      "cell_type": "markdown",
      "metadata": {
        "id": "view-in-github",
        "colab_type": "text"
      },
      "source": [
        "<a href=\"https://colab.research.google.com/github/sarjakpatel/AIRoyal/blob/master/AirQualityPredictionUsingPCA%26FeedForward.ipynb\" target=\"_parent\"><img src=\"https://colab.research.google.com/assets/colab-badge.svg\" alt=\"Open In Colab\"/></a>"
      ]
    },
    {
      "cell_type": "code",
      "metadata": {
        "id": "7uAGVoA6q8pq",
        "colab_type": "code",
        "colab": {}
      },
      "source": [
        "import numpy as np\n",
        "import pandas as pd\n",
        "from sklearn import datasets\n",
        "from sklearn.model_selection import train_test_split\n",
        "import os\n",
        "import matplotlib.pyplot as plt"
      ],
      "execution_count": 87,
      "outputs": []
    },
    {
      "cell_type": "code",
      "metadata": {
        "id": "gQKK9iyirEl7",
        "colab_type": "code",
        "colab": {
          "base_uri": "https://localhost:8080/",
          "height": 590
        },
        "outputId": "8b897a67-027e-4df4-dcb7-d8e25e271d05"
      },
      "source": [
        "data = pd.read_excel('/content/AirQualityUCI.xlsx')\n",
        "data"
      ],
      "execution_count": 97,
      "outputs": [
        {
          "output_type": "execute_result",
          "data": {
            "text/html": [
              "<div>\n",
              "<style scoped>\n",
              "    .dataframe tbody tr th:only-of-type {\n",
              "        vertical-align: middle;\n",
              "    }\n",
              "\n",
              "    .dataframe tbody tr th {\n",
              "        vertical-align: top;\n",
              "    }\n",
              "\n",
              "    .dataframe thead th {\n",
              "        text-align: right;\n",
              "    }\n",
              "</style>\n",
              "<table border=\"1\" class=\"dataframe\">\n",
              "  <thead>\n",
              "    <tr style=\"text-align: right;\">\n",
              "      <th></th>\n",
              "      <th>Date</th>\n",
              "      <th>Time</th>\n",
              "      <th>CO(GT)</th>\n",
              "      <th>PT08.S1(CO)</th>\n",
              "      <th>NMHC(GT)</th>\n",
              "      <th>C6H6(GT)</th>\n",
              "      <th>PT08.S2(NMHC)</th>\n",
              "      <th>NOx(GT)</th>\n",
              "      <th>PT08.S3(NOx)</th>\n",
              "      <th>NO2(GT)</th>\n",
              "      <th>PT08.S4(NO2)</th>\n",
              "      <th>PT08.S5(O3)</th>\n",
              "      <th>T</th>\n",
              "      <th>RH</th>\n",
              "      <th>AH</th>\n",
              "    </tr>\n",
              "  </thead>\n",
              "  <tbody>\n",
              "    <tr>\n",
              "      <th>0</th>\n",
              "      <td>2004-03-10</td>\n",
              "      <td>18:00:00</td>\n",
              "      <td>2.6</td>\n",
              "      <td>1360.00</td>\n",
              "      <td>150</td>\n",
              "      <td>11.881723</td>\n",
              "      <td>1045.50</td>\n",
              "      <td>166.0</td>\n",
              "      <td>1056.25</td>\n",
              "      <td>113.0</td>\n",
              "      <td>1692.00</td>\n",
              "      <td>1267.50</td>\n",
              "      <td>13.600</td>\n",
              "      <td>48.875001</td>\n",
              "      <td>0.757754</td>\n",
              "    </tr>\n",
              "    <tr>\n",
              "      <th>1</th>\n",
              "      <td>2004-03-10</td>\n",
              "      <td>19:00:00</td>\n",
              "      <td>2.0</td>\n",
              "      <td>1292.25</td>\n",
              "      <td>112</td>\n",
              "      <td>9.397165</td>\n",
              "      <td>954.75</td>\n",
              "      <td>103.0</td>\n",
              "      <td>1173.75</td>\n",
              "      <td>92.0</td>\n",
              "      <td>1558.75</td>\n",
              "      <td>972.25</td>\n",
              "      <td>13.300</td>\n",
              "      <td>47.700000</td>\n",
              "      <td>0.725487</td>\n",
              "    </tr>\n",
              "    <tr>\n",
              "      <th>2</th>\n",
              "      <td>2004-03-10</td>\n",
              "      <td>20:00:00</td>\n",
              "      <td>2.2</td>\n",
              "      <td>1402.00</td>\n",
              "      <td>88</td>\n",
              "      <td>8.997817</td>\n",
              "      <td>939.25</td>\n",
              "      <td>131.0</td>\n",
              "      <td>1140.00</td>\n",
              "      <td>114.0</td>\n",
              "      <td>1554.50</td>\n",
              "      <td>1074.00</td>\n",
              "      <td>11.900</td>\n",
              "      <td>53.975000</td>\n",
              "      <td>0.750239</td>\n",
              "    </tr>\n",
              "    <tr>\n",
              "      <th>3</th>\n",
              "      <td>2004-03-10</td>\n",
              "      <td>21:00:00</td>\n",
              "      <td>2.2</td>\n",
              "      <td>1375.50</td>\n",
              "      <td>80</td>\n",
              "      <td>9.228796</td>\n",
              "      <td>948.25</td>\n",
              "      <td>172.0</td>\n",
              "      <td>1092.00</td>\n",
              "      <td>122.0</td>\n",
              "      <td>1583.75</td>\n",
              "      <td>1203.25</td>\n",
              "      <td>11.000</td>\n",
              "      <td>60.000000</td>\n",
              "      <td>0.786713</td>\n",
              "    </tr>\n",
              "    <tr>\n",
              "      <th>4</th>\n",
              "      <td>2004-03-10</td>\n",
              "      <td>22:00:00</td>\n",
              "      <td>1.6</td>\n",
              "      <td>1272.25</td>\n",
              "      <td>51</td>\n",
              "      <td>6.518224</td>\n",
              "      <td>835.50</td>\n",
              "      <td>131.0</td>\n",
              "      <td>1205.00</td>\n",
              "      <td>116.0</td>\n",
              "      <td>1490.00</td>\n",
              "      <td>1110.00</td>\n",
              "      <td>11.150</td>\n",
              "      <td>59.575001</td>\n",
              "      <td>0.788794</td>\n",
              "    </tr>\n",
              "    <tr>\n",
              "      <th>...</th>\n",
              "      <td>...</td>\n",
              "      <td>...</td>\n",
              "      <td>...</td>\n",
              "      <td>...</td>\n",
              "      <td>...</td>\n",
              "      <td>...</td>\n",
              "      <td>...</td>\n",
              "      <td>...</td>\n",
              "      <td>...</td>\n",
              "      <td>...</td>\n",
              "      <td>...</td>\n",
              "      <td>...</td>\n",
              "      <td>...</td>\n",
              "      <td>...</td>\n",
              "      <td>...</td>\n",
              "    </tr>\n",
              "    <tr>\n",
              "      <th>9352</th>\n",
              "      <td>2005-04-04</td>\n",
              "      <td>10:00:00</td>\n",
              "      <td>3.1</td>\n",
              "      <td>1314.25</td>\n",
              "      <td>-200</td>\n",
              "      <td>13.529605</td>\n",
              "      <td>1101.25</td>\n",
              "      <td>471.7</td>\n",
              "      <td>538.50</td>\n",
              "      <td>189.8</td>\n",
              "      <td>1374.25</td>\n",
              "      <td>1728.50</td>\n",
              "      <td>21.850</td>\n",
              "      <td>29.250000</td>\n",
              "      <td>0.756824</td>\n",
              "    </tr>\n",
              "    <tr>\n",
              "      <th>9353</th>\n",
              "      <td>2005-04-04</td>\n",
              "      <td>11:00:00</td>\n",
              "      <td>2.4</td>\n",
              "      <td>1162.50</td>\n",
              "      <td>-200</td>\n",
              "      <td>11.355157</td>\n",
              "      <td>1027.00</td>\n",
              "      <td>353.3</td>\n",
              "      <td>603.75</td>\n",
              "      <td>179.2</td>\n",
              "      <td>1263.50</td>\n",
              "      <td>1269.00</td>\n",
              "      <td>24.325</td>\n",
              "      <td>23.725000</td>\n",
              "      <td>0.711864</td>\n",
              "    </tr>\n",
              "    <tr>\n",
              "      <th>9354</th>\n",
              "      <td>2005-04-04</td>\n",
              "      <td>12:00:00</td>\n",
              "      <td>2.4</td>\n",
              "      <td>1142.00</td>\n",
              "      <td>-200</td>\n",
              "      <td>12.374538</td>\n",
              "      <td>1062.50</td>\n",
              "      <td>293.0</td>\n",
              "      <td>603.25</td>\n",
              "      <td>174.7</td>\n",
              "      <td>1240.75</td>\n",
              "      <td>1092.00</td>\n",
              "      <td>26.900</td>\n",
              "      <td>18.350000</td>\n",
              "      <td>0.640649</td>\n",
              "    </tr>\n",
              "    <tr>\n",
              "      <th>9355</th>\n",
              "      <td>2005-04-04</td>\n",
              "      <td>13:00:00</td>\n",
              "      <td>2.1</td>\n",
              "      <td>1002.50</td>\n",
              "      <td>-200</td>\n",
              "      <td>9.547187</td>\n",
              "      <td>960.50</td>\n",
              "      <td>234.5</td>\n",
              "      <td>701.50</td>\n",
              "      <td>155.7</td>\n",
              "      <td>1041.00</td>\n",
              "      <td>769.75</td>\n",
              "      <td>28.325</td>\n",
              "      <td>13.550000</td>\n",
              "      <td>0.513866</td>\n",
              "    </tr>\n",
              "    <tr>\n",
              "      <th>9356</th>\n",
              "      <td>2005-04-04</td>\n",
              "      <td>14:00:00</td>\n",
              "      <td>2.2</td>\n",
              "      <td>1070.75</td>\n",
              "      <td>-200</td>\n",
              "      <td>11.932060</td>\n",
              "      <td>1047.25</td>\n",
              "      <td>265.2</td>\n",
              "      <td>654.00</td>\n",
              "      <td>167.7</td>\n",
              "      <td>1128.50</td>\n",
              "      <td>816.00</td>\n",
              "      <td>28.500</td>\n",
              "      <td>13.125000</td>\n",
              "      <td>0.502804</td>\n",
              "    </tr>\n",
              "  </tbody>\n",
              "</table>\n",
              "<p>9357 rows × 15 columns</p>\n",
              "</div>"
            ],
            "text/plain": [
              "           Date      Time  CO(GT)  ...       T         RH        AH\n",
              "0    2004-03-10  18:00:00     2.6  ...  13.600  48.875001  0.757754\n",
              "1    2004-03-10  19:00:00     2.0  ...  13.300  47.700000  0.725487\n",
              "2    2004-03-10  20:00:00     2.2  ...  11.900  53.975000  0.750239\n",
              "3    2004-03-10  21:00:00     2.2  ...  11.000  60.000000  0.786713\n",
              "4    2004-03-10  22:00:00     1.6  ...  11.150  59.575001  0.788794\n",
              "...         ...       ...     ...  ...     ...        ...       ...\n",
              "9352 2005-04-04  10:00:00     3.1  ...  21.850  29.250000  0.756824\n",
              "9353 2005-04-04  11:00:00     2.4  ...  24.325  23.725000  0.711864\n",
              "9354 2005-04-04  12:00:00     2.4  ...  26.900  18.350000  0.640649\n",
              "9355 2005-04-04  13:00:00     2.1  ...  28.325  13.550000  0.513866\n",
              "9356 2005-04-04  14:00:00     2.2  ...  28.500  13.125000  0.502804\n",
              "\n",
              "[9357 rows x 15 columns]"
            ]
          },
          "metadata": {
            "tags": []
          },
          "execution_count": 97
        }
      ]
    },
    {
      "cell_type": "code",
      "metadata": {
        "id": "IvyXHVx5FJG4",
        "colab_type": "code",
        "colab": {
          "base_uri": "https://localhost:8080/",
          "height": 590
        },
        "outputId": "2ea382cc-ea2b-47d3-8061-f55a8a720772"
      },
      "source": [
        "data=data[data['NMHC(GT)']!=200]\n",
        "data"
      ],
      "execution_count": 98,
      "outputs": [
        {
          "output_type": "execute_result",
          "data": {
            "text/html": [
              "<div>\n",
              "<style scoped>\n",
              "    .dataframe tbody tr th:only-of-type {\n",
              "        vertical-align: middle;\n",
              "    }\n",
              "\n",
              "    .dataframe tbody tr th {\n",
              "        vertical-align: top;\n",
              "    }\n",
              "\n",
              "    .dataframe thead th {\n",
              "        text-align: right;\n",
              "    }\n",
              "</style>\n",
              "<table border=\"1\" class=\"dataframe\">\n",
              "  <thead>\n",
              "    <tr style=\"text-align: right;\">\n",
              "      <th></th>\n",
              "      <th>Date</th>\n",
              "      <th>Time</th>\n",
              "      <th>CO(GT)</th>\n",
              "      <th>PT08.S1(CO)</th>\n",
              "      <th>NMHC(GT)</th>\n",
              "      <th>C6H6(GT)</th>\n",
              "      <th>PT08.S2(NMHC)</th>\n",
              "      <th>NOx(GT)</th>\n",
              "      <th>PT08.S3(NOx)</th>\n",
              "      <th>NO2(GT)</th>\n",
              "      <th>PT08.S4(NO2)</th>\n",
              "      <th>PT08.S5(O3)</th>\n",
              "      <th>T</th>\n",
              "      <th>RH</th>\n",
              "      <th>AH</th>\n",
              "    </tr>\n",
              "  </thead>\n",
              "  <tbody>\n",
              "    <tr>\n",
              "      <th>0</th>\n",
              "      <td>2004-03-10</td>\n",
              "      <td>18:00:00</td>\n",
              "      <td>2.6</td>\n",
              "      <td>1360.00</td>\n",
              "      <td>150</td>\n",
              "      <td>11.881723</td>\n",
              "      <td>1045.50</td>\n",
              "      <td>166.0</td>\n",
              "      <td>1056.25</td>\n",
              "      <td>113.0</td>\n",
              "      <td>1692.00</td>\n",
              "      <td>1267.50</td>\n",
              "      <td>13.600</td>\n",
              "      <td>48.875001</td>\n",
              "      <td>0.757754</td>\n",
              "    </tr>\n",
              "    <tr>\n",
              "      <th>1</th>\n",
              "      <td>2004-03-10</td>\n",
              "      <td>19:00:00</td>\n",
              "      <td>2.0</td>\n",
              "      <td>1292.25</td>\n",
              "      <td>112</td>\n",
              "      <td>9.397165</td>\n",
              "      <td>954.75</td>\n",
              "      <td>103.0</td>\n",
              "      <td>1173.75</td>\n",
              "      <td>92.0</td>\n",
              "      <td>1558.75</td>\n",
              "      <td>972.25</td>\n",
              "      <td>13.300</td>\n",
              "      <td>47.700000</td>\n",
              "      <td>0.725487</td>\n",
              "    </tr>\n",
              "    <tr>\n",
              "      <th>2</th>\n",
              "      <td>2004-03-10</td>\n",
              "      <td>20:00:00</td>\n",
              "      <td>2.2</td>\n",
              "      <td>1402.00</td>\n",
              "      <td>88</td>\n",
              "      <td>8.997817</td>\n",
              "      <td>939.25</td>\n",
              "      <td>131.0</td>\n",
              "      <td>1140.00</td>\n",
              "      <td>114.0</td>\n",
              "      <td>1554.50</td>\n",
              "      <td>1074.00</td>\n",
              "      <td>11.900</td>\n",
              "      <td>53.975000</td>\n",
              "      <td>0.750239</td>\n",
              "    </tr>\n",
              "    <tr>\n",
              "      <th>3</th>\n",
              "      <td>2004-03-10</td>\n",
              "      <td>21:00:00</td>\n",
              "      <td>2.2</td>\n",
              "      <td>1375.50</td>\n",
              "      <td>80</td>\n",
              "      <td>9.228796</td>\n",
              "      <td>948.25</td>\n",
              "      <td>172.0</td>\n",
              "      <td>1092.00</td>\n",
              "      <td>122.0</td>\n",
              "      <td>1583.75</td>\n",
              "      <td>1203.25</td>\n",
              "      <td>11.000</td>\n",
              "      <td>60.000000</td>\n",
              "      <td>0.786713</td>\n",
              "    </tr>\n",
              "    <tr>\n",
              "      <th>4</th>\n",
              "      <td>2004-03-10</td>\n",
              "      <td>22:00:00</td>\n",
              "      <td>1.6</td>\n",
              "      <td>1272.25</td>\n",
              "      <td>51</td>\n",
              "      <td>6.518224</td>\n",
              "      <td>835.50</td>\n",
              "      <td>131.0</td>\n",
              "      <td>1205.00</td>\n",
              "      <td>116.0</td>\n",
              "      <td>1490.00</td>\n",
              "      <td>1110.00</td>\n",
              "      <td>11.150</td>\n",
              "      <td>59.575001</td>\n",
              "      <td>0.788794</td>\n",
              "    </tr>\n",
              "    <tr>\n",
              "      <th>...</th>\n",
              "      <td>...</td>\n",
              "      <td>...</td>\n",
              "      <td>...</td>\n",
              "      <td>...</td>\n",
              "      <td>...</td>\n",
              "      <td>...</td>\n",
              "      <td>...</td>\n",
              "      <td>...</td>\n",
              "      <td>...</td>\n",
              "      <td>...</td>\n",
              "      <td>...</td>\n",
              "      <td>...</td>\n",
              "      <td>...</td>\n",
              "      <td>...</td>\n",
              "      <td>...</td>\n",
              "    </tr>\n",
              "    <tr>\n",
              "      <th>9352</th>\n",
              "      <td>2005-04-04</td>\n",
              "      <td>10:00:00</td>\n",
              "      <td>3.1</td>\n",
              "      <td>1314.25</td>\n",
              "      <td>-200</td>\n",
              "      <td>13.529605</td>\n",
              "      <td>1101.25</td>\n",
              "      <td>471.7</td>\n",
              "      <td>538.50</td>\n",
              "      <td>189.8</td>\n",
              "      <td>1374.25</td>\n",
              "      <td>1728.50</td>\n",
              "      <td>21.850</td>\n",
              "      <td>29.250000</td>\n",
              "      <td>0.756824</td>\n",
              "    </tr>\n",
              "    <tr>\n",
              "      <th>9353</th>\n",
              "      <td>2005-04-04</td>\n",
              "      <td>11:00:00</td>\n",
              "      <td>2.4</td>\n",
              "      <td>1162.50</td>\n",
              "      <td>-200</td>\n",
              "      <td>11.355157</td>\n",
              "      <td>1027.00</td>\n",
              "      <td>353.3</td>\n",
              "      <td>603.75</td>\n",
              "      <td>179.2</td>\n",
              "      <td>1263.50</td>\n",
              "      <td>1269.00</td>\n",
              "      <td>24.325</td>\n",
              "      <td>23.725000</td>\n",
              "      <td>0.711864</td>\n",
              "    </tr>\n",
              "    <tr>\n",
              "      <th>9354</th>\n",
              "      <td>2005-04-04</td>\n",
              "      <td>12:00:00</td>\n",
              "      <td>2.4</td>\n",
              "      <td>1142.00</td>\n",
              "      <td>-200</td>\n",
              "      <td>12.374538</td>\n",
              "      <td>1062.50</td>\n",
              "      <td>293.0</td>\n",
              "      <td>603.25</td>\n",
              "      <td>174.7</td>\n",
              "      <td>1240.75</td>\n",
              "      <td>1092.00</td>\n",
              "      <td>26.900</td>\n",
              "      <td>18.350000</td>\n",
              "      <td>0.640649</td>\n",
              "    </tr>\n",
              "    <tr>\n",
              "      <th>9355</th>\n",
              "      <td>2005-04-04</td>\n",
              "      <td>13:00:00</td>\n",
              "      <td>2.1</td>\n",
              "      <td>1002.50</td>\n",
              "      <td>-200</td>\n",
              "      <td>9.547187</td>\n",
              "      <td>960.50</td>\n",
              "      <td>234.5</td>\n",
              "      <td>701.50</td>\n",
              "      <td>155.7</td>\n",
              "      <td>1041.00</td>\n",
              "      <td>769.75</td>\n",
              "      <td>28.325</td>\n",
              "      <td>13.550000</td>\n",
              "      <td>0.513866</td>\n",
              "    </tr>\n",
              "    <tr>\n",
              "      <th>9356</th>\n",
              "      <td>2005-04-04</td>\n",
              "      <td>14:00:00</td>\n",
              "      <td>2.2</td>\n",
              "      <td>1070.75</td>\n",
              "      <td>-200</td>\n",
              "      <td>11.932060</td>\n",
              "      <td>1047.25</td>\n",
              "      <td>265.2</td>\n",
              "      <td>654.00</td>\n",
              "      <td>167.7</td>\n",
              "      <td>1128.50</td>\n",
              "      <td>816.00</td>\n",
              "      <td>28.500</td>\n",
              "      <td>13.125000</td>\n",
              "      <td>0.502804</td>\n",
              "    </tr>\n",
              "  </tbody>\n",
              "</table>\n",
              "<p>9355 rows × 15 columns</p>\n",
              "</div>"
            ],
            "text/plain": [
              "           Date      Time  CO(GT)  ...       T         RH        AH\n",
              "0    2004-03-10  18:00:00     2.6  ...  13.600  48.875001  0.757754\n",
              "1    2004-03-10  19:00:00     2.0  ...  13.300  47.700000  0.725487\n",
              "2    2004-03-10  20:00:00     2.2  ...  11.900  53.975000  0.750239\n",
              "3    2004-03-10  21:00:00     2.2  ...  11.000  60.000000  0.786713\n",
              "4    2004-03-10  22:00:00     1.6  ...  11.150  59.575001  0.788794\n",
              "...         ...       ...     ...  ...     ...        ...       ...\n",
              "9352 2005-04-04  10:00:00     3.1  ...  21.850  29.250000  0.756824\n",
              "9353 2005-04-04  11:00:00     2.4  ...  24.325  23.725000  0.711864\n",
              "9354 2005-04-04  12:00:00     2.4  ...  26.900  18.350000  0.640649\n",
              "9355 2005-04-04  13:00:00     2.1  ...  28.325  13.550000  0.513866\n",
              "9356 2005-04-04  14:00:00     2.2  ...  28.500  13.125000  0.502804\n",
              "\n",
              "[9355 rows x 15 columns]"
            ]
          },
          "metadata": {
            "tags": []
          },
          "execution_count": 98
        }
      ]
    },
    {
      "cell_type": "code",
      "metadata": {
        "id": "mYLZ_b_FrJNX",
        "colab_type": "code",
        "colab": {}
      },
      "source": [
        "from sklearn.preprocessing import MinMaxScaler\n",
        "scaler=MinMaxScaler()\n",
        "x=data.drop(['Date', 'Time','AH'], axis=1)\n",
        "\n",
        "x=scaler.fit_transform(x)\n",
        "\n",
        "y=data.AH\n",
        "#y=scaler.fit_transform(y)\n",
        "#print(y)\n"
      ],
      "execution_count": 99,
      "outputs": []
    },
    {
      "cell_type": "code",
      "metadata": {
        "id": "KhyG83jgsa-w",
        "colab_type": "code",
        "colab": {
          "base_uri": "https://localhost:8080/",
          "height": 823
        },
        "outputId": "2d4266a4-e24c-4089-d458-e8ba5541c3c0"
      },
      "source": [
        "from sklearn.decomposition import PCA\n",
        "pca=PCA(n_components=12)\n",
        "x_new = pca.fit_transform(x)\n",
        "x_new\n",
        "pca.get_covariance()"
      ],
      "execution_count": 100,
      "outputs": [
        {
          "output_type": "execute_result",
          "data": {
            "text/plain": [
              "array([[ 1.34330108e-01,  2.23041857e-03,  4.72537378e-03,\n",
              "        -1.80605347e-03,  1.55368641e-03,  2.95864654e-02,\n",
              "        -3.68439453e-03,  5.78555018e-02, -4.24776588e-03,\n",
              "         4.93523798e-03, -4.46540332e-03, -3.13707184e-03],\n",
              "       [ 2.23041857e-03,  2.16847264e-02,  2.51249752e-03,\n",
              "         1.97027786e-02,  1.94864609e-02,  6.27797564e-03,\n",
              "         1.42973917e-03,  5.33332981e-03,  1.95445085e-02,\n",
              "         2.20537535e-02,  1.96354558e-02,  1.94729406e-02],\n",
              "       [ 4.72537378e-03,  2.51249752e-03,  1.01163013e-02,\n",
              "         5.87335503e-04,  1.56777249e-03, -6.88107016e-05,\n",
              "         5.48308225e-04,  2.44101416e-03,  2.56564960e-03,\n",
              "         1.70142579e-03, -1.81548191e-06,  1.46441471e-04],\n",
              "       [-1.80605347e-03,  1.97027786e-02,  5.87335503e-04,\n",
              "         2.46214512e-02,  1.70765823e-02, -2.81352312e-05,\n",
              "         8.97678049e-03, -4.05905712e-04,  1.90896351e-02,\n",
              "         1.68876718e-02,  2.69245423e-02,  2.57511223e-02],\n",
              "       [ 1.55368641e-03,  1.94864609e-02,  1.56777249e-03,\n",
              "         1.70765823e-02,  2.01114200e-02,  7.20480979e-03,\n",
              "        -1.16844234e-03,  5.88812852e-03,  1.94823125e-02,\n",
              "         2.16550123e-02,  1.67588897e-02,  1.47378051e-02],\n",
              "       [ 2.95864654e-02,  6.27797564e-03, -6.88107016e-05,\n",
              "        -2.81352312e-05,  7.20480979e-03,  2.35119923e-02,\n",
              "        -7.46930110e-03,  2.94711868e-02,  8.56460805e-04,\n",
              "         1.18867559e-02, -3.75048179e-03, -1.44184199e-03],\n",
              "       [-3.68439453e-03,  1.42973917e-03,  5.48308225e-04,\n",
              "         8.97678049e-03, -1.16844234e-03, -7.46930110e-03,\n",
              "         1.24774912e-02, -6.73211674e-03,  2.15182977e-03,\n",
              "        -3.91733375e-03,  1.16035925e-02,  1.13649522e-02],\n",
              "       [ 5.78555018e-02,  5.33332981e-03,  2.44101416e-03,\n",
              "        -4.05905712e-04,  5.88812852e-03,  2.94711868e-02,\n",
              "        -6.73211674e-03,  5.53230617e-02, -8.18720870e-04,\n",
              "         1.00023658e-02, -3.49451332e-03, -3.39265852e-03],\n",
              "       [-4.24776588e-03,  1.95445085e-02,  2.56564960e-03,\n",
              "         1.90896351e-02,  1.94823125e-02,  8.56460805e-04,\n",
              "         2.15182977e-03, -8.18720870e-04,  2.46639546e-02,\n",
              "         1.90717912e-02,  2.09471274e-02,  1.78506433e-02],\n",
              "       [ 4.93523798e-03,  2.20537535e-02,  1.70142579e-03,\n",
              "         1.68876718e-02,  2.16550123e-02,  1.18867559e-02,\n",
              "        -3.91733375e-03,  1.00023658e-02,  1.90717912e-02,\n",
              "         2.81625223e-02,  1.49310682e-02,  1.56293593e-02],\n",
              "       [-4.46540332e-03,  1.96354558e-02, -1.81548191e-06,\n",
              "         2.69245423e-02,  1.67588897e-02, -3.75048179e-03,\n",
              "         1.16035925e-02, -3.49451332e-03,  2.09471274e-02,\n",
              "         1.49310682e-02,  3.12041996e-02,  2.77627345e-02],\n",
              "       [-3.13707184e-03,  1.94729406e-02,  1.46441471e-04,\n",
              "         2.57511223e-02,  1.47378051e-02, -1.44184199e-03,\n",
              "         1.13649522e-02, -3.39265852e-03,  1.78506433e-02,\n",
              "         1.56293593e-02,  2.77627345e-02,  3.14716832e-02]])"
            ]
          },
          "metadata": {
            "tags": []
          },
          "execution_count": 100
        }
      ]
    },
    {
      "cell_type": "code",
      "metadata": {
        "id": "tFGpXlrYvgZR",
        "colab_type": "code",
        "colab": {
          "base_uri": "https://localhost:8080/",
          "height": 67
        },
        "outputId": "4a79a0aa-ccc4-4961-a88e-b133982a4618"
      },
      "source": [
        "explained_variance=pca.explained_variance_ratio_\n",
        "explained_variance"
      ],
      "execution_count": 101,
      "outputs": [
        {
          "output_type": "execute_result",
          "data": {
            "text/plain": [
              "array([4.26353128e-01, 3.51407657e-01, 1.08585990e-01, 4.84406547e-02,\n",
              "       2.62940098e-02, 1.76769925e-02, 7.02726719e-03, 6.41094039e-03,\n",
              "       3.97451396e-03, 2.14747451e-03, 1.55857981e-03, 1.22792943e-04])"
            ]
          },
          "metadata": {
            "tags": []
          },
          "execution_count": 101
        }
      ]
    },
    {
      "cell_type": "code",
      "metadata": {
        "id": "m_5KtBVEvk7A",
        "colab_type": "code",
        "colab": {
          "base_uri": "https://localhost:8080/",
          "height": 297
        },
        "outputId": "8ac25e5a-b238-468e-a9d0-80d7d326fb2a"
      },
      "source": [
        "with plt.style.context('dark_background'):\n",
        "  plt.figure(figsize=(6,4))\n",
        "\n",
        "  plt.bar(range(12), explained_variance, alpha=0.5, align = 'center', label = 'individual explained variance')\n",
        "  plt.ylabel('Explained Variance Ratio')\n",
        "  plt.xlabel('Principle Components')\n",
        "  plt.legend(loc='best')\n",
        "  plt.tight_layout()"
      ],
      "execution_count": 102,
      "outputs": [
        {
          "output_type": "display_data",
          "data": {
